# Created by Octave 10.2.0, Tue Sep 16 14:53:58 2025 UTC <unknown@CyWS>
# name: A
# type: matrix
# rows: 3
# columns: 3
 1 0.00096585010965292658 0.0002710862178911091
 0 0.93237457867927731 0.2719298852179084
 0 -0.0004056853975094671 -0.00011831938046737362


# name: B
# type: matrix
# rows: 3
# columns: 1
 0.00066135665862911738
 1.3554310894555457
 0.18125143733998852


